time
8.18
